vqw:{freq:339,list:[7994, 8007, 8035, 8048, 8064, 8077, 8097, 8140, 8182, 8241, 8244, 8259, 8264, 8293, 8312, 8367, 8369, 8401, 8439, 8447, 8456, 8461, 8472, 8499, 8501, 8507, 8510, 8524, 8525, 8561, 8609, 8619, 8620, 8634, 8643, 8655, 8727, 8737, 8760, 8775, 8792, 8838, 8879, 8908, 8920, 8929, 8951, 8978, 8979, 9004, 9008, 9026, 9052, 9056, 9072, 9094, 9186, 9205, 9212, 9231, 9260, 9276, 9277, 9294, 9303, 9361, 9364, 9365, 9372, 9386, 9394, 9431, 9439, 9451, 9456, 9463, 9568, 9612, 9613, 9633, 9661, 9671, 9687, 9688, 9737, 9740, 9757, 9786, 9803, 9863, 9864, 9871, 9873, 9913, 9936, 9951, 9980, 9999, 10010, 10044, 10080, 10157, 10165, 10173, 10205, 10228, 10263, 10274, 10291, 10303, 10326, 10354, 10360, 10375, 10422, 10449, 10481, 10493, 10528, 10538, 10550, 10553, 10570, 10572, 10609, 10641, 10652, 10687, 10756, 10760, 10763, 10774, 10797, 10803, 10856, 10906, 10928, 10940, 10967, 10968, 11049, 11075, 11083, 11119, 11167, 11179, 11186, 11247, 11298, 11322, 11330, 11347, 11350, 11384, 11390, 11445, 11543, 11544, 11551, 11589, 11608, 11668, 11678, 11685, 11715, 11739, 11751, 11824, 11825, 11829, 11840, 11852, 11870, 11886, 11915, 11921, 11978, 11983, 12034, 12066, 12174, 12182, 12245, 12252, 12257, 12261, 12315, 12337, 12354, 12355, 12375, 12423, 12435, 12497, 12523, 12538, 12540, 12559, 12563, 12568, 12593, 12643, 12654, 12680, 12703, 12709, 12767, 12779, 12800, 12801, 12809, 12812, 12886, 12887, 12922, 12935, 12966, 12995, 13034, 13084, 13087, 13098, 13109, 13115, 13121, 13140, 13146, 13155, 13169, 13194, 13214, 13215, 13216, 13255, 13260, 13295, 13336, 13340, 13491, 13513, 13572, 13666, 13739, 13762, 13772, 13854, 13868, 13873, 13973, 13989, 14024, 14036, 14037, 14075, 14080, 14092, 14110, 14115, 14122, 14181, 14186, 14200, 14217, 14237, 14271, 14301, 14317, 14322, 14333, 14362, 14389, 14410, 14492, 14493, 14494, 14525, 14528, 14535, 14547, 14607, 14618, 14651, 14705, 14708, 14772, 14791, 14824, 14838, 14842, 14880, 14910, 14928, 14931, 14935, 14958, 14965, 14991, 14994, 15020, 15024, 15037, 15038, 15073, 15075, 15083, 15192, 15207, 15252, 15269, 15284, 15298, 15310, 15326, 15345, 15355, 15361, 15386, 15399, 15414, 15415, 15474, 15479, 15488, 15510, 15521, 15530, 15537, 15552, 15578, 15634, 15656, 15662, 15665, 15686, 15727, 15747, 15754, 15839, 15845],bold:[],title:[],header:{'h1': [], 'h2': [], 'h3': []}}
vq:{freq:10,list:[2086, 2314, 21820, 22533, 25983, 34149, 34452, 36963, 40524, 49818],bold:[],title:[],header:{'h1': [], 'h2': [], 'h3': []}}
vqxxvoag:{freq:5,list:[8160, 9025, 10268, 12211, 15605],bold:[],title:[],header:{'h1': [], 'h2': [], 'h3': []}}
vqa:{freq:2,list:[25088, 34149],bold:[],title:[],header:{'h1': [], 'h2': [], 'h3': []}}
vqueri:{freq:1,list:[16495],bold:[],title:[],header:{'h1': [], 'h2': [], 'h3': []}}
vqcuvsduvmz:{freq:1,list:[22533],bold:[],title:[],header:{'h1': [], 'h2': [], 'h3': []}}
vqkgi:{freq:1,list:[34149],bold:[],title:[],header:{'h1': [], 'h2': [], 'h3': []}}
vqteunkq:{freq:1,list:[34149],bold:[],title:[],header:{'h1': [], 'h2': [], 'h3': []}}
vqmtc:{freq:1,list:[34149],bold:[],title:[],header:{'h1': [], 'h2': [], 'h3': []}}
vqoxoq:{freq:1,list:[34149],bold:[],title:[],header:{'h1': [], 'h2': [], 'h3': []}}
vqp:{freq:1,list:[34149],bold:[],title:[],header:{'h1': [], 'h2': [], 'h3': []}}
vqmbarx:{freq:1,list:[34149],bold:[],title:[],header:{'h1': [], 'h2': [], 'h3': []}}
vqsbxx:{freq:1,list:[34149],bold:[],title:[],header:{'h1': [], 'h2': [], 'h3': []}}
vqq:{freq:1,list:[36963],bold:[],title:[],header:{'h1': [], 'h2': [], 'h3': []}}
vqqq:{freq:1,list:[36963],bold:[],title:[],header:{'h1': [], 'h2': [], 'h3': []}}
vqqqq:{freq:1,list:[36963],bold:[],title:[],header:{'h1': [], 'h2': [], 'h3': []}}
vquq:{freq:1,list:[36963],bold:[],title:[],header:{'h1': [], 'h2': [], 'h3': []}}
